300
1784660924
1271117655
1865479527
1930559805
1768305123
1730416821
2019714875
1737866982
1273108714
2210961402
1872293074
1726294583
1932976574
1559590327
5291456791
7336652904
1198474965
7318058549
6904188275
1583124707
1759168351
1826457421
1896569101
1933477467
1772393442
1714265912
3181706612
1313455195
6501368500
1498434792
6562106187
1218583463
5203472552
2992978081
1840392825
6738137775
7211190734
1408764223
2277607683
1171296804
1700648435
1603660762
1750383485
1644853811
1748693152
1934403631
1562293297
1734442735
1644081727
1740124791
5142908068
1797476360
1696313960
1900552512
1773369613
5139647891
7318222751
1230928585
1657000630
1682761023
6183821370
5135890572
6004526697
6466762854
1746841372
1959928052
1676887940
1730199021
3459421644
3733371872
1570256331
2041066593
1794956187
1645128892
2159097265
3288692404
1625436412
1774817422
5478024137
1024548130
2487841340
3180303821
2939771974
6502440388
2705589884
2670012270
1235576307
2890290961
2515684791
1705137652
1944530623
6070115093
1392165114
1915843283
1816835197
5660567827
3874268626
1744769622
3416927232
1873219703
1859995245
1896364517
1990782823
3820485492
1979838262
1420052971
1239309547
2425590443
2950251663
5709559214
1849472467
2312920530
1840809224
6124627606
2629685302
1092130584
2116972903
1804674777
1281950453
5798155111
5428468979
1225288135
1713618822
1844232037
5586444917
6374013846
5564927603
2995886832
1921785475
1677722991
6117570574
1867061092
1192504311
2672407401
5528631998
1891502860
6420899516
1921218535
1634785555
1732093045
2163911075
1715321757
6237038021
1309302077
3541012570
2415403617
1282869924
1686036017
1713545394
1726539035
2090259143
1724705464
1826929595
2162732201
6575717065
6048193311
1236700981
1881713514
1265926601
1665010391
2134846635
1692726977
1985393563
1862644354
1765538321
2019626923
6121681172
2495530635
1750168990
1241297001
6193540238
1877203007
1747134133
1923545681
3508612897
1784537661
1895567845
1872762823
1846894034
1649166140
1978841494
1239290122
2271051770
1216598840
1197487813
1661495595
1522864827
5325488904
1233064422
2092858922
2492990611
3506400592
1003716184
1718405431
5443721270
1615681930
1923741547
1919045084
1686054762
1712207812
6672410868
1917053352
2125821205
1351042152
1664207987
1650183295
1769907127
2301994504
2396406195
1656737654
5745465668
1272740494
1189729754
5698487100
1192329893
1786779875
1695758607
5936122778
5947193756
5738717037
1836126471
1978195522
2138289282
5577632318
1048563335
5474534259
1863429831
1737937185
1663937380
1496832197
5176159059
1847639844
2057352433
3818859252
1620245602
1670330071
1617902267
1933952912
3204044020
2539961154
1843992947
2176235777
1798626487
2219523390
5055187994
2367100370
1737662664
1511272512
1247936351
6525927484
2243708112
1762528140
2185656103
1197863207
1706724034
2140227493
5267800272
1937439635
1773665344
1916758302
3942738869
5636137076
2017531423
5747171191
1688915080
1655838964
1193525177
1423739994
1747171460
1650104034
1213963417
2463636520
2202440613
1849226660
1579682177
1214370932
1287300227
1763836144
2911940961
1230200815
5832414702
3946434344
6119409760
1401604125
5391596582
2648214620
2122109105
2378758510
2509935987
6043440453
1250097710
2166273842
1182425635
3558290302
2609227335
1871956515
1836866465
1564818394
1957656332
6146791510
