100
2113045567
1880246651
1704176917
1239926864
1815418641
5406494014
5225959169
1639088211
5669595958
1875379117
1651167067
1866276464
1496855785
1648764935
2629784083
1013962511
2374854813
1270468784
3222186804
1807411585
1245742597
1735779221
1802073813
1733227047
2824142045
1623965900
1786779875
1802626467
2113076563
1670697373
1268972184
6324230089
1247936351
1459567682
1678956940
3261134763
2134846635
2130860695
1914100420
1234588631
1741661732
5974914682
1738807075
1677856077
1338637752
1747814625
1711599694
1829280943
1223178222
1228486722
1778742953
5187664653
1705586121
1640762375
1736948134
2665961093
3591355593
3125046087
1922888481
2803301701
5571661966
2584370437
2073200843
1377828950
5639984476
1583117193
1781387491
5394206608
3952070245
2720241537
5176159059
5650015942
1213327341
1312412824
2554404125
1750403737
1664925303
1650450024
1194026233
1581391477
2105725645
5041103873
3871415586
5587551116
1241314924
1280761142
1890173325
1320216427
1642351362
1746263014
3587960280
1698974475
1712338144
5234797239
1750131592
1809054937
1259193624
1198253935
1112515725
1498522714
